0,0.500,0,0.667,1.000,0.750,0.500,0.000,0.281,1.000,1.000,0.167,0.000,0.333,0.455,0.000,0.000,0.000,0.000,0.000,0.333,0.304,0.000,0.000,0.000,1.000,0.085,0.000,0.283,0.316,0.000,0,0.111,0.000,0,0,0,0.000,0.000,0.000,0.750,0,1.000,0.000,0.100,0.000,0.042,0.333,0,0.000,0.000,0.111,0.750,0.000,0.100,0.000,1.000,0.000,1.000,0.667,0.286,0.000,1.000,0.286,0.000,0.667,0,0.048,0.000,0,0,0.400,0,0.125,0,0,0.333,0.000,0,0.000,0.462,0,0,0,0.031,0,0,0.143,0.208,0.111,0.125,0.375,0,1.000,0,0,0,0.667,0.000,0.000,0,0.333,0,0.250

0,1.000,0.000,0.000,0,0.000,1.000,0.000,0.400,0,1.000,0.500,0,0.000,0.500,0.000,0,0.000,0.000,0,0.000,0.400,0.333,0.000,0.000,0.500,0.000,0.000,0.000,0.300,0.000,0.000,0.333,0.000,0,0,0,0,0,0,0.000,0.500,0.143,0.000,0.071,0.167,0,0,0,0,0.000,0.000,0,0.000,0.000,0,0.190,1.000,0,0.400,0.000,1.000,0,0.000,0,0.000,0.100,0.000,0,0,0,0,0.211,0.333,0.000,0,0,0,0,0,0,0,0.000,0.000,0.167,0.333,0.000,0.167,0,0,0,0.167,0,0,0,0,0.000,0.000,0.000,0.000,0,0.000,0.100,0.000

0,1,0,2,1,3,1,0,9,1,6,1,0,1,15,0,0,0,0,0,1,7,0,0,0,1,7,0,17,6,0,0,1,0,0,0,0,0,0,0,6,0,5,0,1,0,1,1,0,0,0,1,3,0,1,0,1,0,1,8,2,0,1,2,0,2,0,1,0,0,0,2,0,1,0,0,1,0,0,0,6,0,0,0,1,0,0,2,5,1,3,3,0,1,0,0,0,2,0,0,0,1,0,1

0,1,0,0,0,0,1,0,2,0,2,1,0,0,2,0,0,0,0,0,0,2,1,0,0,1,0,0,0,9,0,0,1,0,0,0,0,0,0,0,0,1,2,0,1,1,0,0,0,0,0,0,0,0,0,0,4,1,0,2,0,1,0,0,0,0,1,0,0,0,0,0,4,2,0,0,0,0,0,0,0,0,0,0,1,1,0,1,0,0,0,1,0,0,0,0,0,0,0,0,0,0,1,0

			
Tot A	38		38 / 104 = 0.36
Tot B	12		12 / 104 = 0.11
Tot "="	54		54 / 104 = 0.52